tiger = [(-1,0),(1,0)]
dragon = [(1,2), (1,-2), (-1,1), (-1,-1)]
frog = [(0,-2), (1,-1), (-1,1)]
rabbit = [(2,0), (1,1), (-1,-1)]
crab = [(0, -2), (0, 2), (1, 0)]
elephant = [(0, -1), (0, 1), (1, -1), (1, 1)]
goose = [(1, -1), (0, 1), (0, -1), (-1, 1)]
rooster =  [(0, -1), (0, 1), (1, 1), (-1, -1)]
monkey = [(1, -1), (1, 1), (-1, 1), (-1, -1)]--
mantis = [(1, 1), (1, -1), (-1, 0)]
horse = [(0, -1), (-1, 0), (1, 0)]
ox = [(0, 1), (-1, 0), (1, 0)]
crane = [(-1, -1), (-1, 1), (1, 0)]
boar = [(0, -1), (0, 1), (1, 0)]
eel = [(1, -1), (-1, -1), (0, 1)]
cobra = [(-1, 1), (0, -1), (1, 1)]



curr 

tiger = [(0,2),(0,-1)]
dragon = [(-2,1), (-1,-1), (1,-1), (2,1)]
frog = [(-2,0), (-1,1), (1,-1)]
rabbit = [(-1,-1), (1,1), (2,0)]
crab = [(-2,0 ), (0, 1), (2, 0)]
elephant = [(-1, 0), (-1, 1), (1, 1), (1, 0)]
goose = [(-1, 1), (-1, 0), (1, 0), (1, -1)]
rooster =  [(-1, 0), (-1, -1), (1, 1), (1, 0)]
monkey = [(1, -1), (1, 1), (-1, 1), (-1, -1)]--
mantis = [(-1, 1), (0, -1), (1, 1)]
horse = [(-1, 0), (0, 1), (0, -1)]
ox = [(1, 0), (0, 1), (0, -1)]
crane = [(-1, -1), (0, 1), (1, -1)]
boar = [(-1, 0), (0, 1), (1, 0)]
eel = [(-1, 1), (-1, -1), (1, 0)]
cobra = [(1, 1), (1, -1), (-1, 0)]